Koordinat Pusaka Ditemukan:
Latitude: -7.928980
Longitude: 112.459050
